1 12 1 0.0001675 0.0000000 0.0000000
1 12 2 0.0103043 -0.0000000 -0.0000000
1 12 3 0.0175190 0.0000000 -0.0000000
1 12 4 0.0221969 -0.0000000 -0.0000000
1 12 5 0.0247943 -0.0000000 -0.0000000
1 12 6 0.0258637 -0.0000000 -0.0000000
1 12 7 0.0261017 -0.0000000 -0.0000000
1 12 8 0.0261152 0.0000000 -0.0000000
1 12 9 0.0261213 0.0000000 -0.0000001
1 12 10 0.0261249 0.0000000 -0.0000000
1 12 11 0.0261268 0.0000000 0.0000000
1 12 12 0.0261274 0.0000000 0.0000000
1 12 13 0.0261268 0.0000000 0.0000000
1 12 14 0.0261249 0.0000000 0.0000000
1 12 15 0.0261213 0.0000000 0.0000001
1 12 16 0.0261153 0.0000000 0.0000000
1 12 17 0.0261017 0.0000000 0.0000000
1 12 18 0.0258637 0.0000000 0.0000000
1 12 19 0.0247943 -0.0000000 0.0000000
1 12 20 0.0221968 0.0000000 0.0000000
1 12 21 0.0175188 0.0000000 0.0000000
1 12 22 0.0103042 0.0000000 0.0000000
1 12 23 0.0001675 0.0000000 0.0000000
2 12 1 0.0001675 0.0000000 0.0000000
2 12 2 0.0103043 -0.0000000 -0.0000000
2 12 3 0.0175190 0.0000000 -0.0000000
2 12 4 0.0221969 -0.0000000 -0.0000000
2 12 5 0.0247943 -0.0000000 -0.0000000
2 12 6 0.0258637 -0.0000000 -0.0000000
2 12 7 0.0261017 -0.0000000 -0.0000000
2 12 8 0.0261152 0.0000000 -0.0000000
2 12 9 0.0261213 0.0000000 -0.0000001
2 12 10 0.0261249 0.0000000 -0.0000000
2 12 11 0.0261268 0.0000000 0.0000000
2 12 12 0.0261274 0.0000000 0.0000000
2 12 13 0.0261268 0.0000000 0.0000000
2 12 14 0.0261249 0.0000000 0.0000000
2 12 15 0.0261213 0.0000000 0.0000001
2 12 16 0.0261153 0.0000000 0.0000000
2 12 17 0.0261017 0.0000000 0.0000000
2 12 18 0.0258637 0.0000000 0.0000000
2 12 19 0.0247943 -0.0000000 0.0000000
2 12 20 0.0221968 0.0000000 0.0000000
2 12 21 0.0175188 0.0000000 0.0000000
2 12 22 0.0103042 0.0000000 0.0000000
2 12 23 0.0001675 0.0000000 0.0000000
3 12 1 0.0001675 0.0000000 0.0000000
3 12 2 0.0103043 -0.0000000 -0.0000000
3 12 3 0.0175190 0.0000000 -0.0000000
3 12 4 0.0221969 -0.0000000 -0.0000000
3 12 5 0.0247943 -0.0000000 -0.0000000
3 12 6 0.0258637 -0.0000000 -0.0000000
3 12 7 0.0261017 -0.0000000 -0.0000000
3 12 8 0.0261152 0.0000000 -0.0000000
3 12 9 0.0261213 0.0000000 -0.0000001
3 12 10 0.0261249 0.0000000 -0.0000000
3 12 11 0.0261268 0.0000000 0.0000000
3 12 12 0.0261274 0.0000000 0.0000000
3 12 13 0.0261268 0.0000000 0.0000000
3 12 14 0.0261249 0.0000000 0.0000000
3 12 15 0.0261213 0.0000000 0.0000001
3 12 16 0.0261153 0.0000000 0.0000000
3 12 17 0.0261017 0.0000000 0.0000000
3 12 18 0.0258637 0.0000000 0.0000000
3 12 19 0.0247943 -0.0000000 0.0000000
3 12 20 0.0221968 0.0000000 0.0000000
3 12 21 0.0175188 0.0000000 0.0000000
3 12 22 0.0103042 0.0000000 0.0000000
3 12 23 0.0001675 0.0000000 0.0000000
4 12 1 0.0001675 0.0000000 0.0000000
4 12 2 0.0103043 -0.0000000 -0.0000000
4 12 3 0.0175190 0.0000000 -0.0000000
4 12 4 0.0221969 -0.0000000 -0.0000000
4 12 5 0.0247943 -0.0000000 -0.0000000
4 12 6 0.0258637 -0.0000000 -0.0000000
4 12 7 0.0261017 -0.0000000 -0.0000000
4 12 8 0.0261152 0.0000000 -0.0000000
4 12 9 0.0261213 0.0000000 -0.0000001
4 12 10 0.0261249 0.0000000 -0.0000000
4 12 11 0.0261268 0.0000000 0.0000000
4 12 12 0.0261274 0.0000000 0.0000000
4 12 13 0.0261268 0.0000000 0.0000000
4 12 14 0.0261249 0.0000000 0.0000000
4 12 15 0.0261213 0.0000000 0.0000001
4 12 16 0.0261153 0.0000000 0.0000000
4 12 17 0.0261017 0.0000000 0.0000000
4 12 18 0.0258637 0.0000000 0.0000000
4 12 19 0.0247943 -0.0000000 0.0000000
4 12 20 0.0221968 0.0000000 0.0000000
4 12 21 0.0175188 0.0000000 0.0000000
4 12 22 0.0103042 0.0000000 0.0000000
4 12 23 0.0001675 0.0000000 0.0000000
5 12 1 0.0001675 0.0000000 0.0000000
5 12 2 0.0103043 -0.0000000 -0.0000000
5 12 3 0.0175190 0.0000000 -0.0000000
5 12 4 0.0221969 -0.0000000 -0.0000000
5 12 5 0.0247943 -0.0000000 -0.0000000
5 12 6 0.0258637 -0.0000000 -0.0000000
5 12 7 0.0261017 -0.0000000 -0.0000000
5 12 8 0.0261152 0.0000000 -0.0000000
5 12 9 0.0261213 0.0000000 -0.0000001
5 12 10 0.0261249 0.0000000 -0.0000000
5 12 11 0.0261268 0.0000000 0.0000000
5 12 12 0.0261274 0.0000000 0.0000000
5 12 13 0.0261268 0.0000000 0.0000000
5 12 14 0.0261249 0.0000000 0.0000000
5 12 15 0.0261213 0.0000000 0.0000001
5 12 16 0.0261153 0.0000000 0.0000000
5 12 17 0.0261017 0.0000000 0.0000000
5 12 18 0.0258637 0.0000000 0.0000000
5 12 19 0.0247943 -0.0000000 0.0000000
5 12 20 0.0221968 0.0000000 0.0000000
5 12 21 0.0175188 0.0000000 0.0000000
5 12 22 0.0103042 0.0000000 0.0000000
5 12 23 0.0001675 0.0000000 0.0000000
6 12 1 0.0001675 0.0000000 0.0000000
6 12 2 0.0103043 -0.0000000 -0.0000000
6 12 3 0.0175190 0.0000000 -0.0000000
6 12 4 0.0221969 -0.0000000 -0.0000000
6 12 5 0.0247943 -0.0000000 -0.0000000
6 12 6 0.0258637 -0.0000000 -0.0000000
6 12 7 0.0261017 -0.0000000 -0.0000000
6 12 8 0.0261152 0.0000000 -0.0000000
6 12 9 0.0261213 0.0000000 -0.0000001
6 12 10 0.0261249 0.0000000 -0.0000000
6 12 11 0.0261268 0.0000000 0.0000000
6 12 12 0.0261274 0.0000000 0.0000000
6 12 13 0.0261268 0.0000000 0.0000000
6 12 14 0.0261249 0.0000000 0.0000000
6 12 15 0.0261213 0.0000000 0.0000001
6 12 16 0.0261153 0.0000000 0.0000000
6 12 17 0.0261017 0.0000000 0.0000000
6 12 18 0.0258637 0.0000000 0.0000000
6 12 19 0.0247943 -0.0000000 0.0000000
6 12 20 0.0221968 0.0000000 0.0000000
6 12 21 0.0175188 0.0000000 0.0000000
6 12 22 0.0103042 0.0000000 0.0000000
6 12 23 0.0001675 0.0000000 0.0000000
7 12 1 0.0001675 0.0000000 0.0000000
7 12 2 0.0103043 -0.0000000 -0.0000000
7 12 3 0.0175190 0.0000000 -0.0000000
7 12 4 0.0221969 -0.0000000 -0.0000000
7 12 5 0.0247943 -0.0000000 -0.0000000
7 12 6 0.0258637 -0.0000000 -0.0000000
7 12 7 0.0261017 -0.0000000 -0.0000000
7 12 8 0.0261152 0.0000000 -0.0000000
7 12 9 0.0261213 0.0000000 -0.0000001
7 12 10 0.0261249 0.0000000 -0.0000000
7 12 11 0.0261268 0.0000000 0.0000000
7 12 12 0.0261274 0.0000000 0.0000000
7 12 13 0.0261268 0.0000000 0.0000000
7 12 14 0.0261249 0.0000000 0.0000000
7 12 15 0.0261213 0.0000000 0.0000001
7 12 16 0.0261153 0.0000000 0.0000000
7 12 17 0.0261017 0.0000000 0.0000000
7 12 18 0.0258637 0.0000000 0.0000000
7 12 19 0.0247943 -0.0000000 0.0000000
7 12 20 0.0221968 0.0000000 0.0000000
7 12 21 0.0175188 0.0000000 0.0000000
7 12 22 0.0103042 0.0000000 0.0000000
7 12 23 0.0001675 0.0000000 0.0000000
8 12 1 0.0001675 0.0000000 0.0000000
8 12 2 0.0103043 -0.0000000 -0.0000000
8 12 3 0.0175190 0.0000000 -0.0000000
8 12 4 0.0221969 -0.0000000 -0.0000000
8 12 5 0.0247943 -0.0000000 -0.0000000
8 12 6 0.0258637 -0.0000000 -0.0000000
8 12 7 0.0261017 -0.0000000 -0.0000000
8 12 8 0.0261152 0.0000000 -0.0000000
8 12 9 0.0261213 0.0000000 -0.0000001
8 12 10 0.0261249 0.0000000 -0.0000000
8 12 11 0.0261268 0.0000000 0.0000000
8 12 12 0.0261274 0.0000000 0.0000000
8 12 13 0.0261268 0.0000000 0.0000000
8 12 14 0.0261249 0.0000000 0.0000000
8 12 15 0.0261213 0.0000000 0.0000001
8 12 16 0.0261153 0.0000000 0.0000000
8 12 17 0.0261017 0.0000000 0.0000000
8 12 18 0.0258637 0.0000000 0.0000000
8 12 19 0.0247943 -0.0000000 0.0000000
8 12 20 0.0221968 0.0000000 0.0000000
8 12 21 0.0175188 0.0000000 0.0000000
8 12 22 0.0103042 0.0000000 0.0000000
8 12 23 0.0001675 0.0000000 0.0000000
9 12 1 0.0001675 0.0000000 0.0000000
9 12 2 0.0103043 -0.0000000 -0.0000000
9 12 3 0.0175190 0.0000000 -0.0000000
9 12 4 0.0221969 -0.0000000 -0.0000000
9 12 5 0.0247943 -0.0000000 -0.0000000
9 12 6 0.0258637 -0.0000000 -0.0000000
9 12 7 0.0261017 -0.0000000 -0.0000000
9 12 8 0.0261152 0.0000000 -0.0000000
9 12 9 0.0261213 0.0000000 -0.0000001
9 12 10 0.0261249 0.0000000 -0.0000000
9 12 11 0.0261268 0.0000000 0.0000000
9 12 12 0.0261274 0.0000000 0.0000000
9 12 13 0.0261268 0.0000000 0.0000000
9 12 14 0.0261249 0.0000000 0.0000000
9 12 15 0.0261213 0.0000000 0.0000001
9 12 16 0.0261153 0.0000000 0.0000000
9 12 17 0.0261017 0.0000000 0.0000000
9 12 18 0.0258637 0.0000000 0.0000000
9 12 19 0.0247943 -0.0000000 0.0000000
9 12 20 0.0221968 0.0000000 0.0000000
9 12 21 0.0175188 0.0000000 0.0000000
9 12 22 0.0103042 0.0000000 0.0000000
9 12 23 0.0001675 0.0000000 0.0000000
10 12 1 0.0001675 0.0000000 0.0000000
10 12 2 0.0103043 -0.0000000 -0.0000000
10 12 3 0.0175190 0.0000000 -0.0000000
10 12 4 0.0221969 -0.0000000 -0.0000000
10 12 5 0.0247943 -0.0000000 -0.0000000
10 12 6 0.0258637 -0.0000000 -0.0000000
10 12 7 0.0261017 -0.0000000 -0.0000000
10 12 8 0.0261152 0.0000000 -0.0000000
10 12 9 0.0261213 0.0000000 -0.0000001
10 12 10 0.0261249 0.0000000 -0.0000000
10 12 11 0.0261268 0.0000000 0.0000000
10 12 12 0.0261274 0.0000000 0.0000000
10 12 13 0.0261268 0.0000000 0.0000000
10 12 14 0.0261249 0.0000000 0.0000000
10 12 15 0.0261213 0.0000000 0.0000001
10 12 16 0.0261153 0.0000000 0.0000000
10 12 17 0.0261017 0.0000000 0.0000000
10 12 18 0.0258637 0.0000000 0.0000000
10 12 19 0.0247943 -0.0000000 0.0000000
10 12 20 0.0221968 0.0000000 0.0000000
10 12 21 0.0175188 0.0000000 0.0000000
10 12 22 0.0103042 0.0000000 0.0000000
10 12 23 0.0001675 0.0000000 0.0000000
11 12 1 0.0001675 0.0000000 0.0000000
11 12 2 0.0103043 -0.0000000 -0.0000000
11 12 3 0.0175190 0.0000000 -0.0000000
11 12 4 0.0221969 -0.0000000 -0.0000000
11 12 5 0.0247943 -0.0000000 -0.0000000
11 12 6 0.0258637 -0.0000000 -0.0000000
11 12 7 0.0261017 -0.0000000 -0.0000000
11 12 8 0.0261152 0.0000000 -0.0000000
11 12 9 0.0261213 0.0000000 -0.0000001
11 12 10 0.0261249 0.0000000 -0.0000000
11 12 11 0.0261268 0.0000000 0.0000000
11 12 12 0.0261274 0.0000000 0.0000000
11 12 13 0.0261268 0.0000000 0.0000000
11 12 14 0.0261249 0.0000000 0.0000000
11 12 15 0.0261213 0.0000000 0.0000001
11 12 16 0.0261153 0.0000000 0.0000000
11 12 17 0.0261017 0.0000000 0.0000000
11 12 18 0.0258637 0.0000000 0.0000000
11 12 19 0.0247943 -0.0000000 0.0000000
11 12 20 0.0221968 0.0000000 0.0000000
11 12 21 0.0175188 0.0000000 0.0000000
11 12 22 0.0103042 0.0000000 0.0000000
11 12 23 0.0001675 0.0000000 0.0000000
12 12 1 0.0001675 0.0000000 0.0000000
12 12 2 0.0103043 -0.0000000 -0.0000000
12 12 3 0.0175190 0.0000000 -0.0000000
12 12 4 0.0221969 -0.0000000 -0.0000000
12 12 5 0.0247943 -0.0000000 -0.0000000
12 12 6 0.0258637 -0.0000000 -0.0000000
12 12 7 0.0261017 -0.0000000 -0.0000000
12 12 8 0.0261152 0.0000000 -0.0000000
12 12 9 0.0261213 0.0000000 -0.0000001
12 12 10 0.0261249 0.0000000 -0.0000000
12 12 11 0.0261268 0.0000000 0.0000000
12 12 12 0.0261274 0.0000000 0.0000000
12 12 13 0.0261268 0.0000000 0.0000000
12 12 14 0.0261249 0.0000000 0.0000000
12 12 15 0.0261213 0.0000000 0.0000001
12 12 16 0.0261153 0.0000000 0.0000000
12 12 17 0.0261017 0.0000000 0.0000000
12 12 18 0.0258637 0.0000000 0.0000000
12 12 19 0.0247943 -0.0000000 0.0000000
12 12 20 0.0221968 0.0000000 0.0000000
12 12 21 0.0175188 0.0000000 0.0000000
12 12 22 0.0103042 0.0000000 0.0000000
12 12 23 0.0001675 0.0000000 0.0000000
13 12 1 0.0001675 0.0000000 0.0000000
13 12 2 0.0103043 -0.0000000 -0.0000000
13 12 3 0.0175190 0.0000000 -0.0000000
13 12 4 0.0221969 -0.0000000 -0.0000000
13 12 5 0.0247943 -0.0000000 -0.0000000
13 12 6 0.0258637 -0.0000000 -0.0000000
13 12 7 0.0261017 -0.0000000 -0.0000000
13 12 8 0.0261152 0.0000000 -0.0000000
13 12 9 0.0261213 0.0000000 -0.0000001
13 12 10 0.0261249 0.0000000 -0.0000000
13 12 11 0.0261268 0.0000000 0.0000000
13 12 12 0.0261274 0.0000000 0.0000000
13 12 13 0.0261268 0.0000000 0.0000000
13 12 14 0.0261249 0.0000000 0.0000000
13 12 15 0.0261213 0.0000000 0.0000001
13 12 16 0.0261153 0.0000000 0.0000000
13 12 17 0.0261017 0.0000000 0.0000000
13 12 18 0.0258637 0.0000000 0.0000000
13 12 19 0.0247943 -0.0000000 0.0000000
13 12 20 0.0221968 0.0000000 0.0000000
13 12 21 0.0175188 0.0000000 0.0000000
13 12 22 0.0103042 0.0000000 0.0000000
13 12 23 0.0001675 0.0000000 0.0000000
14 12 1 0.0001675 0.0000000 0.0000000
14 12 2 0.0103043 -0.0000000 -0.0000000
14 12 3 0.0175190 0.0000000 -0.0000000
14 12 4 0.0221969 -0.0000000 -0.0000000
14 12 5 0.0247943 -0.0000000 -0.0000000
14 12 6 0.0258637 -0.0000000 -0.0000000
14 12 7 0.0261017 -0.0000000 -0.0000000
14 12 8 0.0261152 0.0000000 -0.0000000
14 12 9 0.0261213 0.0000000 -0.0000001
14 12 10 0.0261249 0.0000000 -0.0000000
14 12 11 0.0261268 0.0000000 0.0000000
14 12 12 0.0261274 0.0000000 0.0000000
14 12 13 0.0261268 0.0000000 0.0000000
14 12 14 0.0261249 0.0000000 0.0000000
14 12 15 0.0261213 0.0000000 0.0000001
14 12 16 0.0261153 0.0000000 0.0000000
14 12 17 0.0261017 0.0000000 0.0000000
14 12 18 0.0258637 0.0000000 0.0000000
14 12 19 0.0247943 -0.0000000 0.0000000
14 12 20 0.0221968 0.0000000 0.0000000
14 12 21 0.0175188 0.0000000 0.0000000
14 12 22 0.0103042 0.0000000 0.0000000
14 12 23 0.0001675 0.0000000 0.0000000
15 12 1 0.0001675 0.0000000 0.0000000
15 12 2 0.0103043 -0.0000000 -0.0000000
15 12 3 0.0175190 0.0000000 -0.0000000
15 12 4 0.0221969 -0.0000000 -0.0000000
15 12 5 0.0247943 -0.0000000 -0.0000000
15 12 6 0.0258637 -0.0000000 -0.0000000
15 12 7 0.0261017 -0.0000000 -0.0000000
15 12 8 0.0261152 0.0000000 -0.0000000
15 12 9 0.0261213 0.0000000 -0.0000001
15 12 10 0.0261249 0.0000000 -0.0000000
15 12 11 0.0261268 0.0000000 0.0000000
15 12 12 0.0261274 0.0000000 0.0000000
15 12 13 0.0261268 0.0000000 0.0000000
15 12 14 0.0261249 0.0000000 0.0000000
15 12 15 0.0261213 0.0000000 0.0000001
15 12 16 0.0261153 0.0000000 0.0000000
15 12 17 0.0261017 0.0000000 0.0000000
15 12 18 0.0258637 0.0000000 0.0000000
15 12 19 0.0247943 -0.0000000 0.0000000
15 12 20 0.0221968 0.0000000 0.0000000
15 12 21 0.0175188 0.0000000 0.0000000
15 12 22 0.0103042 0.0000000 0.0000000
15 12 23 0.0001675 0.0000000 0.0000000
16 12 1 0.0001675 0.0000000 0.0000000
16 12 2 0.0103043 -0.0000000 -0.0000000
16 12 3 0.0175190 0.0000000 -0.0000000
16 12 4 0.0221969 -0.0000000 -0.0000000
16 12 5 0.0247943 -0.0000000 -0.0000000
16 12 6 0.0258637 -0.0000000 -0.0000000
16 12 7 0.0261017 -0.0000000 -0.0000000
16 12 8 0.0261152 0.0000000 -0.0000000
16 12 9 0.0261213 0.0000000 -0.0000001
16 12 10 0.0261249 0.0000000 -0.0000000
16 12 11 0.0261268 0.0000000 0.0000000
16 12 12 0.0261274 0.0000000 0.0000000
16 12 13 0.0261268 0.0000000 0.0000000
16 12 14 0.0261249 0.0000000 0.0000000
16 12 15 0.0261213 0.0000000 0.0000001
16 12 16 0.0261153 0.0000000 0.0000000
16 12 17 0.0261017 0.0000000 0.0000000
16 12 18 0.0258637 0.0000000 0.0000000
16 12 19 0.0247943 -0.0000000 0.0000000
16 12 20 0.0221968 0.0000000 0.0000000
16 12 21 0.0175188 0.0000000 0.0000000
16 12 22 0.0103042 0.0000000 0.0000000
16 12 23 0.0001675 0.0000000 0.0000000
17 12 1 0.0001675 0.0000000 0.0000000
17 12 2 0.0103043 -0.0000000 -0.0000000
17 12 3 0.0175190 0.0000000 -0.0000000
17 12 4 0.0221969 -0.0000000 -0.0000000
17 12 5 0.0247943 -0.0000000 -0.0000000
17 12 6 0.0258637 -0.0000000 -0.0000000
17 12 7 0.0261017 -0.0000000 -0.0000000
17 12 8 0.0261152 0.0000000 -0.0000000
17 12 9 0.0261213 0.0000000 -0.0000001
17 12 10 0.0261249 0.0000000 -0.0000000
17 12 11 0.0261268 0.0000000 0.0000000
17 12 12 0.0261274 0.0000000 0.0000000
17 12 13 0.0261268 0.0000000 0.0000000
17 12 14 0.0261249 0.0000000 0.0000000
17 12 15 0.0261213 0.0000000 0.0000001
17 12 16 0.0261153 0.0000000 0.0000000
17 12 17 0.0261017 0.0000000 0.0000000
17 12 18 0.0258637 0.0000000 0.0000000
17 12 19 0.0247943 -0.0000000 0.0000000
17 12 20 0.0221968 0.0000000 0.0000000
17 12 21 0.0175188 0.0000000 0.0000000
17 12 22 0.0103042 0.0000000 0.0000000
17 12 23 0.0001675 0.0000000 0.0000000
18 12 1 0.0001675 0.0000000 0.0000000
18 12 2 0.0103043 -0.0000000 -0.0000000
18 12 3 0.0175190 0.0000000 -0.0000000
18 12 4 0.0221969 -0.0000000 -0.0000000
18 12 5 0.0247943 -0.0000000 -0.0000000
18 12 6 0.0258637 -0.0000000 -0.0000000
18 12 7 0.0261017 -0.0000000 -0.0000000
18 12 8 0.0261152 0.0000000 -0.0000000
18 12 9 0.0261213 0.0000000 -0.0000001
18 12 10 0.0261249 0.0000000 -0.0000000
18 12 11 0.0261268 0.0000000 0.0000000
18 12 12 0.0261274 0.0000000 0.0000000
18 12 13 0.0261268 0.0000000 0.0000000
18 12 14 0.0261249 0.0000000 0.0000000
18 12 15 0.0261213 0.0000000 0.0000001
18 12 16 0.0261153 0.0000000 0.0000000
18 12 17 0.0261017 0.0000000 0.0000000
18 12 18 0.0258637 0.0000000 0.0000000
18 12 19 0.0247943 -0.0000000 0.0000000
18 12 20 0.0221968 0.0000000 0.0000000
18 12 21 0.0175188 0.0000000 0.0000000
18 12 22 0.0103042 0.0000000 0.0000000
18 12 23 0.0001675 0.0000000 0.0000000
19 12 1 0.0001675 0.0000000 0.0000000
19 12 2 0.0103043 -0.0000000 -0.0000000
19 12 3 0.0175190 0.0000000 -0.0000000
19 12 4 0.0221969 -0.0000000 -0.0000000
19 12 5 0.0247943 -0.0000000 -0.0000000
19 12 6 0.0258637 -0.0000000 -0.0000000
19 12 7 0.0261017 -0.0000000 -0.0000000
19 12 8 0.0261152 0.0000000 -0.0000000
19 12 9 0.0261213 0.0000000 -0.0000001
19 12 10 0.0261249 0.0000000 -0.0000000
19 12 11 0.0261268 0.0000000 0.0000000
19 12 12 0.0261274 0.0000000 0.0000000
19 12 13 0.0261268 0.0000000 0.0000000
19 12 14 0.0261249 0.0000000 0.0000000
19 12 15 0.0261213 0.0000000 0.0000001
19 12 16 0.0261153 0.0000000 0.0000000
19 12 17 0.0261017 0.0000000 0.0000000
19 12 18 0.0258637 0.0000000 0.0000000
19 12 19 0.0247943 -0.0000000 0.0000000
19 12 20 0.0221968 0.0000000 0.0000000
19 12 21 0.0175188 0.0000000 0.0000000
19 12 22 0.0103042 0.0000000 0.0000000
19 12 23 0.0001675 0.0000000 0.0000000
20 12 1 0.0001675 0.0000000 0.0000000
20 12 2 0.0103043 -0.0000000 -0.0000000
20 12 3 0.0175190 0.0000000 -0.0000000
20 12 4 0.0221969 -0.0000000 -0.0000000
20 12 5 0.0247943 -0.0000000 -0.0000000
20 12 6 0.0258637 -0.0000000 -0.0000000
20 12 7 0.0261017 -0.0000000 -0.0000000
20 12 8 0.0261152 0.0000000 -0.0000000
20 12 9 0.0261213 0.0000000 -0.0000001
20 12 10 0.0261249 0.0000000 -0.0000000
20 12 11 0.0261268 0.0000000 0.0000000
20 12 12 0.0261274 0.0000000 0.0000000
20 12 13 0.0261268 0.0000000 0.0000000
20 12 14 0.0261249 0.0000000 0.0000000
20 12 15 0.0261213 0.0000000 0.0000001
20 12 16 0.0261153 0.0000000 0.0000000
20 12 17 0.0261017 0.0000000 0.0000000
20 12 18 0.0258637 0.0000000 0.0000000
20 12 19 0.0247943 -0.0000000 0.0000000
20 12 20 0.0221968 0.0000000 0.0000000
20 12 21 0.0175188 0.0000000 0.0000000
20 12 22 0.0103042 0.0000000 0.0000000
20 12 23 0.0001675 0.0000000 0.0000000
21 12 1 0.0001675 0.0000000 0.0000000
21 12 2 0.0103043 -0.0000000 -0.0000000
21 12 3 0.0175190 0.0000000 -0.0000000
21 12 4 0.0221969 -0.0000000 -0.0000000
21 12 5 0.0247943 -0.0000000 -0.0000000
21 12 6 0.0258637 -0.0000000 -0.0000000
21 12 7 0.0261017 -0.0000000 -0.0000000
21 12 8 0.0261152 0.0000000 -0.0000000
21 12 9 0.0261213 0.0000000 -0.0000001
21 12 10 0.0261249 0.0000000 -0.0000000
21 12 11 0.0261268 0.0000000 0.0000000
21 12 12 0.0261274 0.0000000 0.0000000
21 12 13 0.0261268 0.0000000 0.0000000
21 12 14 0.0261249 0.0000000 0.0000000
21 12 15 0.0261213 0.0000000 0.0000001
21 12 16 0.0261153 0.0000000 0.0000000
21 12 17 0.0261017 0.0000000 0.0000000
21 12 18 0.0258637 0.0000000 0.0000000
21 12 19 0.0247943 -0.0000000 0.0000000
21 12 20 0.0221968 0.0000000 0.0000000
21 12 21 0.0175188 0.0000000 0.0000000
21 12 22 0.0103042 0.0000000 0.0000000
21 12 23 0.0001675 0.0000000 0.0000000
22 12 1 0.0001675 0.0000000 0.0000000
22 12 2 0.0103043 -0.0000000 -0.0000000
22 12 3 0.0175190 0.0000000 -0.0000000
22 12 4 0.0221969 -0.0000000 -0.0000000
22 12 5 0.0247943 -0.0000000 -0.0000000
22 12 6 0.0258637 -0.0000000 -0.0000000
22 12 7 0.0261017 -0.0000000 -0.0000000
22 12 8 0.0261152 0.0000000 -0.0000000
22 12 9 0.0261213 0.0000000 -0.0000001
22 12 10 0.0261249 0.0000000 -0.0000000
22 12 11 0.0261268 0.0000000 0.0000000
22 12 12 0.0261274 0.0000000 0.0000000
22 12 13 0.0261268 0.0000000 0.0000000
22 12 14 0.0261249 0.0000000 0.0000000
22 12 15 0.0261213 0.0000000 0.0000001
22 12 16 0.0261153 0.0000000 0.0000000
22 12 17 0.0261017 0.0000000 0.0000000
22 12 18 0.0258637 0.0000000 0.0000000
22 12 19 0.0247943 -0.0000000 0.0000000
22 12 20 0.0221968 0.0000000 0.0000000
22 12 21 0.0175188 0.0000000 0.0000000
22 12 22 0.0103042 0.0000000 0.0000000
22 12 23 0.0001675 0.0000000 0.0000000
23 12 1 0.0001675 0.0000000 0.0000000
23 12 2 0.0103043 -0.0000000 -0.0000000
23 12 3 0.0175190 0.0000000 -0.0000000
23 12 4 0.0221969 -0.0000000 -0.0000000
23 12 5 0.0247943 -0.0000000 -0.0000000
23 12 6 0.0258637 -0.0000000 -0.0000000
23 12 7 0.0261017 -0.0000000 -0.0000000
23 12 8 0.0261152 0.0000000 -0.0000000
23 12 9 0.0261213 0.0000000 -0.0000001
23 12 10 0.0261249 0.0000000 -0.0000000
23 12 11 0.0261268 0.0000000 0.0000000
23 12 12 0.0261274 0.0000000 0.0000000
23 12 13 0.0261268 0.0000000 0.0000000
23 12 14 0.0261249 0.0000000 0.0000000
23 12 15 0.0261213 0.0000000 0.0000001
23 12 16 0.0261153 0.0000000 0.0000000
23 12 17 0.0261017 0.0000000 0.0000000
23 12 18 0.0258637 0.0000000 0.0000000
23 12 19 0.0247943 -0.0000000 0.0000000
23 12 20 0.0221968 0.0000000 0.0000000
23 12 21 0.0175188 0.0000000 0.0000000
23 12 22 0.0103042 0.0000000 0.0000000
23 12 23 0.0001675 0.0000000 0.0000000
