1 8 1 -0.0100000 0.0000000 0.0000000
1 8 2 -0.0045341 0.0000000 -0.0000001
1 8 3 -0.0015075 -0.0000000 -0.0000001
1 8 4 0.0000394 -0.0000000 -0.0000001
1 8 5 -0.0001493 -0.0000000 0.0000003
1 8 6 -0.0000093 0.0000000 0.0000002
1 8 7 0.0000000 0.0000000 0.0000000
1 8 8 0.0000093 -0.0000000 -0.0000002
1 8 9 0.0001494 0.0000000 -0.0000003
1 8 10 -0.0000394 -0.0000000 0.0000001
1 8 11 0.0015075 -0.0000000 0.0000001
1 8 12 0.0045341 0.0000000 0.0000001
1 8 13 0.0100000 -0.0000000 0.0000000
2 8 1 -0.0100000 0.0000000 0.0000000
2 8 2 -0.0045341 0.0000000 -0.0000001
2 8 3 -0.0015075 -0.0000000 -0.0000001
2 8 4 0.0000394 -0.0000000 -0.0000001
2 8 5 -0.0001493 -0.0000000 0.0000003
2 8 6 -0.0000093 0.0000000 0.0000002
2 8 7 0.0000000 0.0000000 0.0000000
2 8 8 0.0000093 -0.0000000 -0.0000002
2 8 9 0.0001494 0.0000000 -0.0000003
2 8 10 -0.0000394 -0.0000000 0.0000001
2 8 11 0.0015075 -0.0000000 0.0000001
2 8 12 0.0045341 0.0000000 0.0000001
2 8 13 0.0100000 -0.0000000 0.0000000
3 8 1 -0.0100000 0.0000000 0.0000000
3 8 2 -0.0045341 0.0000000 -0.0000001
3 8 3 -0.0015077 0.0000001 -0.0000002
3 8 4 0.0000388 0.0000002 -0.0000003
3 8 5 -0.0001499 0.0000001 0.0000004
3 8 6 -0.0000103 0.0000003 0.0000002
3 8 7 -0.0000014 0.0000002 0.0000000
3 8 8 0.0000083 0.0000002 0.0000004
3 8 9 0.0001491 0.0000001 0.0000002
3 8 10 -0.0000389 -0.0000001 0.0000000
3 8 11 0.0015077 -0.0000001 -0.0000000
3 8 12 0.0045341 0.0000000 0.0000002
3 8 13 0.0100000 -0.0000000 0.0000000
4 8 1 -0.0100000 0.0000000 0.0000000
4 8 2 -0.0045339 0.0000001 -0.0000001
4 8 3 -0.0015072 0.0000006 0.0000007
4 8 4 0.0000462 -0.0000022 0.0000023
4 8 5 -0.0001427 -0.0000032 -0.0000013
4 8 6 -0.0000020 0.0000000 -0.0000062
4 8 7 0.0000108 -0.0000003 -0.0000053
4 8 8 0.0000171 -0.0000004 -0.0000068
4 8 9 0.0001440 0.0000031 -0.0000015
4 8 10 -0.0000469 0.0000021 0.0000029
4 8 11 0.0015071 -0.0000005 0.0000010
4 8 12 0.0045339 -0.0000001 0.0000001
4 8 13 0.0100000 -0.0000000 0.0000000
5 8 1 -0.0100000 0.0000000 0.0000000
5 8 2 -0.0045339 0.0000004 -0.0000007
5 8 3 -0.0015019 0.0000012 0.0000068
5 8 4 0.0000514 -0.0000117 0.0000029
5 8 5 -0.0001663 -0.0000003 -0.0000140
5 8 6 -0.0000046 0.0000005 -0.0000071
5 8 7 0.0000021 -0.0000003 -0.0000002
5 8 8 0.0000177 -0.0000012 -0.0000079
5 8 9 0.0001860 -0.0000007 -0.0000141
5 8 10 -0.0000467 0.0000104 0.0000034
5 8 11 0.0015025 -0.0000011 0.0000065
5 8 12 0.0045338 -0.0000003 -0.0000003
5 8 13 0.0100000 -0.0000000 0.0000000
6 8 1 -0.0100000 0.0000000 0.0000000
6 8 2 -0.0045339 0.0000006 -0.0000012
6 8 3 -0.0014967 0.0000007 0.0000101
6 8 4 -0.0000004 -0.0000192 -0.0000065
6 8 5 -0.0001777 0.0000073 -0.0000135
6 8 6 -0.0000051 0.0000006 0.0000016
6 8 7 -0.0000009 0.0000003 0.0000007
6 8 8 0.0000021 -0.0000005 0.0000009
6 8 9 0.0001779 -0.0000076 -0.0000177
6 8 10 -0.0000040 0.0000199 -0.0000047
6 8 11 0.0014926 -0.0000008 0.0000142
6 8 12 0.0045339 -0.0000006 -0.0000009
6 8 13 0.0100000 -0.0000000 0.0000000
7 8 1 -0.0100000 0.0000000 0.0000000
7 8 2 -0.0045340 0.0000000 -0.0000002
7 8 3 -0.0014941 -0.0000003 0.0000012
7 8 4 -0.0000326 0.0000006 -0.0000098
7 8 5 -0.0001456 0.0000008 -0.0000020
7 8 6 -0.0000011 -0.0000003 0.0000009
7 8 7 -0.0000002 -0.0000000 0.0000002
7 8 8 0.0000006 0.0000002 0.0000007
7 8 9 0.0001624 -0.0000004 -0.0000029
7 8 10 0.0001022 -0.0000002 -0.0000116
7 8 11 0.0014952 0.0000003 0.0000015
7 8 12 0.0045340 0.0000000 0.0000002
7 8 13 0.0100000 -0.0000000 0.0000000
8 8 1 -0.0100000 0.0000000 0.0000000
8 8 2 -0.0045339 -0.0000006 0.0000008
8 8 3 -0.0014973 -0.0000011 -0.0000087
8 8 4 -0.0000013 0.0000195 -0.0000097
8 8 5 -0.0001783 -0.0000066 0.0000035
8 8 6 -0.0000058 -0.0000009 0.0000013
8 8 7 -0.0000008 -0.0000003 0.0000006
8 8 8 0.0000023 0.0000006 0.0000013
8 8 9 0.0001771 0.0000068 0.0000075
8 8 10 -0.0000043 -0.0000203 -0.0000085
8 8 11 0.0014932 0.0000012 -0.0000118
8 8 12 0.0045339 0.0000006 0.0000013
8 8 13 0.0100000 -0.0000000 0.0000000
9 8 1 -0.0100000 0.0000000 0.0000000
9 8 2 -0.0045338 -0.0000004 0.0000004
9 8 3 -0.0015021 -0.0000013 -0.0000062
9 8 4 0.0000555 0.0000112 -0.0000060
9 8 5 -0.0001594 0.0000004 -0.0000056
9 8 6 -0.0000043 0.0000003 -0.0000032
9 8 7 0.0000018 0.0000003 -0.0000027
9 8 8 0.0000159 0.0000004 -0.0000027
9 8 9 0.0001852 0.0000001 -0.0000068
9 8 10 -0.0000465 -0.0000102 -0.0000057
9 8 11 0.0015030 0.0000013 -0.0000054
9 8 12 0.0045338 0.0000003 0.0000006
9 8 13 0.0100000 -0.0000000 0.0000000
10 8 1 -0.0100000 0.0000000 0.0000000
10 8 2 -0.0045339 -0.0000001 -0.0000002
10 8 3 -0.0015076 -0.0000006 -0.0000005
10 8 4 0.0000446 0.0000020 -0.0000012
10 8 5 -0.0001440 0.0000028 -0.0000002
10 8 6 -0.0000022 -0.0000003 -0.0000076
10 8 7 0.0000108 0.0000003 -0.0000144
10 8 8 0.0000161 0.0000007 -0.0000072
10 8 9 0.0001442 -0.0000027 -0.0000007
10 8 10 -0.0000463 -0.0000020 -0.0000017
10 8 11 0.0015073 0.0000005 -0.0000007
10 8 12 0.0045339 0.0000001 0.0000001
10 8 13 0.0100000 -0.0000000 0.0000000
11 8 1 -0.0100000 0.0000000 0.0000000
11 8 2 -0.0045341 0.0000000 -0.0000002
11 8 3 -0.0015077 -0.0000001 0.0000000
11 8 4 0.0000387 -0.0000002 0.0000001
11 8 5 -0.0001502 -0.0000001 0.0000006
11 8 6 -0.0000107 -0.0000003 0.0000008
11 8 7 -0.0000013 -0.0000002 0.0000007
11 8 8 0.0000088 -0.0000002 -0.0000000
11 8 9 0.0001496 -0.0000001 -0.0000004
11 8 10 -0.0000388 0.0000001 0.0000003
11 8 11 0.0015078 0.0000001 0.0000002
11 8 12 0.0045341 0.0000000 0.0000001
11 8 13 0.0100000 -0.0000000 0.0000000
12 8 1 -0.0100000 0.0000000 0.0000000
12 8 2 -0.0045341 0.0000000 -0.0000001
12 8 3 -0.0015075 -0.0000000 -0.0000001
12 8 4 0.0000394 -0.0000000 -0.0000001
12 8 5 -0.0001493 -0.0000000 0.0000003
12 8 6 -0.0000093 0.0000000 0.0000002
12 8 7 0.0000000 0.0000000 0.0000000
12 8 8 0.0000093 -0.0000000 -0.0000001
12 8 9 0.0001493 0.0000000 -0.0000003
12 8 10 -0.0000394 -0.0000000 0.0000001
12 8 11 0.0015075 -0.0000000 0.0000001
12 8 12 0.0045341 0.0000000 0.0000001
12 8 13 0.0100000 -0.0000000 0.0000000
13 8 1 -0.0100000 0.0000000 0.0000000
13 8 2 -0.0045341 0.0000000 -0.0000001
13 8 3 -0.0015075 -0.0000000 -0.0000001
13 8 4 0.0000394 -0.0000000 -0.0000001
13 8 5 -0.0001493 -0.0000000 0.0000003
13 8 6 -0.0000093 0.0000000 0.0000002
13 8 7 0.0000000 0.0000000 0.0000000
13 8 8 0.0000093 -0.0000000 -0.0000002
13 8 9 0.0001494 0.0000000 -0.0000003
13 8 10 -0.0000394 -0.0000000 0.0000001
13 8 11 0.0015075 -0.0000000 0.0000001
13 8 12 0.0045341 0.0000000 0.0000001
13 8 13 0.0100000 -0.0000000 0.0000000
