0,0,1
0.10764,0.051837,0.99284
0.026585,0.11648,0.99284
-0.07449,0.093408,0.99284
-0.11947,1.4631e-17,0.99284
-0.07449,-0.093408,0.99284
0.026585,-0.11648,0.99284
0.10764,-0.051837,0.99284
0.22957,0.015876,0.97316
0.1959,0.12075,0.97316
0.11735,0.19795,0.97316
0.011911,0.22981,0.97316
-0.096253,0.20903,0.97316
-0.18237,0.14035,0.97316
-0.2267,0.039526,0.97316
-0.2191,-0.070356,0.97316
-0.16131,-0.16412,0.97316
-0.066563,-0.22029,0.97316
0.043433,-0.22599,0.97316
0.14348,-0.17992,0.97316
0.21066,-0.092631,0.97316
0.33514,-0.023789,0.94187
0.32471,0.086321,0.94187
0.27909,0.18708,0.94187
0.20322,0.26756,0.94187
0.10533,0.31905,0.94187
-0.0039681,0.33596,0.94187
-0.11284,0.31647,0.94187
-0.20948,0.26268,0.94187
-0.28343,0.18043,0.94187
-0.32666,0.078627,0.94187
-0.33449,-0.031698,0.94187
-0.30607,-0.13859,0.94187
-0.24449,-0.23046,0.94187
-0.15641,-0.29736,0.94187
-0.051384,-0.33203,0.94187
0.059212,-0.33073,0.94187
0.16339,-0.29358,0.94187
0.24986,-0.22462,0.94187
0.30926,-0.13132,0.94187
0.43373,-0.062722,0.89886
0.4357,0.047113,0.89886
0.4103,0.15399,0.89886
0.35911,0.25119,0.89886
0.28536,0.3326,0.89886
0.19368,0.39312,0.89886
0.089833,0.42894,0.89886
-0.019662,0.4378,0.89886
-0.12792,0.41916,0.89886
-0.22814,0.37418,0.89886
-0.31403,0.30568,0.89886
-0.38018,0.21798,0.89886
-0.42245,0.11659,0.89886
-0.43817,0.0078669,0.89886
-0.42636,-0.10135,0.89886
-0.38776,-0.2042,0.89886
-0.3248,-0.29421,0.89886
-0.24143,-0.36575,0.89886
-0.14288,-0.4143,0.89886
-0.035364,-0.43681,0.89886
0.074378,-0.43188,0.89886
0.17945,-0.39982,0.89886
0.27324,-0.34263,0.89886
0.34986,-0.26392,0.89886
0.40451,-0.16862,0.89886
0.52669,-0.10031,0.84412
0.5361,0.0077618,0.84412
0.52356,0.11552,0.84412
0.48959,0.21855,0.84412
0.43558,0.31263,0.84412
0.36373,0.39391,0.84412
0.27699,0.45906,0.84412
0.17891,0.50542,0.84412
0.073508,0.53109,0.84412
-0.034905,0.53502,0.84412
-0.14189,0.51704,0.84412
-0.24306,0.47789,0.84412
-0.33429,0.41918,0.84412
-0.41182,0.34331,0.84412
-0.4725,0.25338,0.84412
-0.51384,0.15308,0.84412
-0.53413,0.046514,0.84412
-0.53256,-0.061958,0.84412
-0.50919,-0.16789,0.84412
-0.46497,-0.26696,0.84412
-0.40171,-0.35509,0.84412
-0.32201,-0.42868,0.84412
-0.22913,-0.48473,0.84412
-0.12686,-0.52093,0.84412
-0.019401,-0.5358,0.84412
0.088852,-0.52874,0.84412
0.19347,-0.50003,0.84412
0.29016,-0.45085,0.84412
0.37498,-0.38321,0.84412
0.44444,-0.29989,0.84412
0.49571,-0.20428,0.84412
0.61286,-0.12965,0.77948
0.62616,-0.018135,0.77948
0.61934,0.093962,0.77948
0.59261,0.20304,0.77948
0.54683,0.30559,0.77948
0.48348,0.39832,0.77948
0.40458,0.47825,0.77948
0.31269,0.5428,0.77948
0.21074,0.58991,0.77948
0.10202,0.61806,0.77948
-0.0099755,0.62635,0.77948
-0.12165,0.6145,0.77948
-0.22942,0.5829,0.77948
-0.32982,0.53257,0.77948
-0.41961,0.46512,0.77948
-0.49592,0.38272,0.77948
-0.55628,0.28802,0.77948
-0.59877,0.18406,0.77948
-0.62202,0.074191,0.77948
-0.62527,-0.038066,0.77948
-0.60842,-0.1491,0.77948
-0.57202,-0.25534,0.77948
-0.51724,-0.35338,0.77948
-0.44583,-0.44005,0.77948
-0.36009,-0.51259,0.77948
-0.26277,-0.56865,0.77948
-0.15702,-0.60643,0.77948
-0.04621,-0.62472,0.77948
0.066081,-0.62293,0.77948
0.17625,-0.60112,0.77948
0.28075,-0.55999,0.77948
0.37623,-0.50086,0.77948
0.45961,-0.42563,0.77948
0.52823,-0.33673,0.77948
0.57986,-0.237,0.77948
0.6899,-0.1634,0.70523
0.70675,-0.056169,0.70523
0.70704,0.052375,0.70523
0.69076,0.15969,0.70523
0.65829,0.26326,0.70523
0.61039,0.36067,0.70523
0.54818,0.44961,0.70523
0.47312,0.52802,0.70523
0.38697,0.59406,0.70523
0.29176,0.64617,0.70523
0.1897,0.68313,0.70523
0.083198,0.70408,0.70523
-0.025255,0.70853,0.70523
-0.13312,0.69637,0.70523
-0.23786,0.66789,0.70523
-0.33702,0.62376,0.70523
-0.42829,0.565,0.70523
-0.50952,0.493,0.70523
-0.5788,0.40945,0.70523
-0.63452,0.31629,0.70523
-0.67536,0.21573,0.70523
-0.70038,0.11011,0.70523
-0.70898,0.0019026,0.70523
-0.70096,-0.10634,0.70523
-0.67651,-0.2121,0.70523
-0.63621,-0.31288,0.70523
-0.58099,-0.40633,0.70523
-0.51215,-0.49026,0.70523
-0.43131,-0.56269,0.70523
-0.34036,-0.62194,0.70523
-0.24144,-0.66661,0.70523
-0.13685,-0.69565,0.70523
-0.029057,-0.70839,0.70523
0.079418,-0.70452,0.70523
0.18603,-0.68414,0.70523
0.28828,-0.64772,0.70523
0.38378,-0.59613,0.70523
0.47028,-0.53056,0.70523
0.54576,-0.45255,0.70523
0.60844,-0.36394,0.70523
0.65687,-0.26679,0.70523
0.76043,-0.1897,0.62109
0.77943,-0.082024,0.62109
0.78326,0.027251,0.62109
0.77185,0.13599,0.62109
0.74541,0.24209,0.62109
0.70446,0.34348,0.62109
0.6498,0.43818,0.62109
0.5825,0.52435,0.62109
0.50385,0.60031,0.62109
0.4154,0.66459,0.62109
0.31887,0.71594,0.62109
0.21612,0.75335,0.62109
0.10918,0.77609,0.62109
0.00010147,0.78374,0.62109
-0.10897,0.77612,0.62109
-0.21593,0.7534,0.62109
-0.31868,0.71602,0.62109
-0.41523,0.6647,0.62109
-0.5037,0.60044,0.62109
-0.58236,0.5245,0.62109
-0.64969,0.43834,0.62109
-0.70437,0.34366,0.62109
-0.74535,0.24228,0.62109
-0.77181,0.13619,0.62109
-0.78325,0.027453,0.62109
-0.77945,-0.081822,0.62109
-0.76048,-0.1895,0.62109
-0.72671,-0.2935,0.62109
-0.67879,-0.39178,0.62109
-0.61765,-0.48244,0.62109
-0.5445,-0.5637,0.62109
-0.46075,-0.634,0.62109
-0.36803,-0.69195,0.62109
-0.26815,-0.73644,0.62109
-0.16305,-0.76659,0.62109
-0.054772,-0.78182,0.62109
0.054569,-0.78183,0.62109
0.16285,-0.76663,0.62109
0.26796,-0.73651,0.62109
0.36785,-0.69205,0.62109
0.46059,-0.63412,0.62109
0.54436,-0.56384,0.62109
0.61753,-0.4826,0.62109
0.67868,-0.39196,0.62109
0.72663,-0.29369,0.62109
0.82181,-0.20883,0.53011
0.84204,-0.099773,0.53011
0.84786,0.010989,0.53011
0.83917,0.12156,0.53011
0.81612,0.23006,0.53011
0.77911,0.33461,0.53011
0.72877,0.43345,0.53011
0.66596,0.52486,0.53011
0.59176,0.6073,0.53011
0.50743,0.67934,0.53011
0.41441,0.73976,0.53011
0.31431,0.78753,0.53011
0.20883,0.82181,0.53011
0.099773,0.84204,0.53011
-0.010989,0.84786,0.53011
-0.12156,0.83917,0.53011
-0.23006,0.81612,0.53011
-0.33461,0.77911,0.53011
-0.43345,0.72877,0.53011
-0.52486,0.66596,0.53011
-0.6073,0.59176,0.53011
-0.67934,0.50743,0.53011
-0.73976,0.41441,0.53011
-0.78753,0.31431,0.53011
-0.82181,0.20883,0.53011
-0.84204,0.099773,0.53011
-0.84786,-0.010989,0.53011
-0.83917,-0.12156,0.53011
-0.81612,-0.23006,0.53011
-0.77911,-0.33461,0.53011
-0.72877,-0.43345,0.53011
-0.66596,-0.52486,0.53011
-0.59176,-0.6073,0.53011
-0.50743,-0.67934,0.53011
-0.41441,-0.73976,0.53011
-0.31431,-0.78753,0.53011
-0.20883,-0.82181,0.53011
-0.099773,-0.84204,0.53011
0.010989,-0.84786,0.53011
0.12156,-0.83917,0.53011
0.23006,-0.81612,0.53011
0.33461,-0.77911,0.53011
0.43345,-0.72877,0.53011
0.52486,-0.66596,0.53011
0.6073,-0.59176,0.53011
0.67934,-0.50743,0.53011
0.73976,-0.41441,0.53011
0.78753,-0.31431,0.53011
0.87281,-0.22647,0.43233
0.89375,-0.11961,0.43233
0.90165,-0.011012,0.43233
0.8964,0.09775,0.43233
0.87808,0.20509,0.43233
0.84696,0.30943,0.43233
0.80349,0.40927,0.43233
0.7483,0.50313,0.43233
0.6822,0.58966,0.43233
0.60615,0.66759,0.43233
0.52126,0.73579,0.43233
0.42877,0.79325,0.43233
0.33003,0.83915,0.43233
0.22647,0.87281,0.43233
0.11961,0.89375,0.43233
0.011012,0.90165,0.43233
-0.09775,0.8964,0.43233
-0.20509,0.87808,0.43233
-0.30943,0.84696,0.43233
-0.40927,0.80349,0.43233
-0.50313,0.7483,0.43233
-0.58966,0.6822,0.43233
-0.66759,0.60615,0.43233
-0.73579,0.52126,0.43233
-0.79325,0.42877,0.43233
-0.83915,0.33003,0.43233
-0.87281,0.22647,0.43233
-0.89375,0.11961,0.43233
-0.90165,0.011012,0.43233
-0.8964,-0.09775,0.43233
-0.87808,-0.20509,0.43233
-0.84696,-0.30943,0.43233
-0.80349,-0.40927,0.43233
-0.7483,-0.50313,0.43233
-0.6822,-0.58966,0.43233
-0.60615,-0.66759,0.43233
-0.52126,-0.73579,0.43233
-0.42877,-0.79325,0.43233
-0.33003,-0.83915,0.43233
-0.22647,-0.87281,0.43233
-0.11961,-0.89375,0.43233
-0.011012,-0.90165,0.43233
0.09775,-0.8964,0.43233
0.20509,-0.87808,0.43233
0.30943,-0.84696,0.43233
0.40927,-0.80349,0.43233
0.50313,-0.7483,0.43233
0.58966,-0.6822,0.43233
0.66759,-0.60615,0.43233
0.73579,-0.52126,0.43233
0.79325,-0.42877,0.43233
0.83915,-0.33003,0.43233
0.91365,-0.23925,0.32864
0.93525,-0.13156,0.32864
0.9442,-0.022099,0.32864
0.94038,0.087665,0.32864
0.92384,0.19624,0.32864
0.89481,0.30217,0.32864
0.85368,0.40401,0.32864
0.80101,0.50038,0.32864
0.7375,0.58999,0.32864
0.66402,0.67162,0.32864
0.58156,0.74417,0.32864
0.49124,0.80665,0.32864
0.39427,0.85822,0.32864
0.29197,0.89819,0.32864
0.18572,0.92602,0.32864
0.076962,0.94132,0.32864
-0.032839,0.94388,0.32864
-0.1422,0.93369,0.32864
-0.24963,0.91087,0.32864
-0.35369,0.87573,0.32864
-0.45296,0.82875,0.32864
-0.54611,0.77056,0.32864
-0.63187,0.70195,0.32864
-0.70909,0.62385,0.32864
-0.77672,0.53731,0.32864
-0.83385,0.4435,0.32864
-0.8797,0.3437,0.32864
-0.91365,0.23925,0.32864
-0.93525,0.13156,0.32864
-0.9442,0.022099,0.32864
-0.94038,-0.087665,0.32864
-0.92384,-0.19624,0.32864
-0.89481,-0.30217,0.32864
-0.85368,-0.40401,0.32864
-0.80101,-0.50038,0.32864
-0.7375,-0.58999,0.32864
-0.66402,-0.67162,0.32864
-0.58156,-0.74417,0.32864
-0.49124,-0.80665,0.32864
-0.39427,-0.85822,0.32864
-0.29197,-0.89819,0.32864
-0.18572,-0.92602,0.32864
-0.076962,-0.94132,0.32864
0.032839,-0.94388,0.32864
0.1422,-0.93369,0.32864
0.24963,-0.91087,0.32864
0.35369,-0.87573,0.32864
0.45296,-0.82875,0.32864
0.54611,-0.77056,0.32864
0.63187,-0.70195,0.32864
0.70909,-0.62385,0.32864
0.77672,-0.53731,0.32864
0.83385,-0.4435,0.32864
0.8797,-0.3437,0.32864
0.94294,-0.24901,0.22105
0.96489,-0.14187,0.22105
0.97471,-0.032947,0.22105
0.97227,0.076392,0.22105
0.9576,0.18477,0.22105
0.93089,0.29083,0.22105
0.89247,0.39322,0.22105
0.84284,0.49068,0.22105
0.7826,0.58196,0.22105
0.71252,0.66592,0.22105
0.63348,0.74151,0.22105
0.54647,0.80778,0.22105
0.45259,0.86388,0.22105
0.35302,0.90913,0.22105
0.24901,0.94294,0.22105
0.14187,0.96489,0.22105
0.032947,0.97471,0.22105
-0.076392,0.97227,0.22105
-0.18477,0.9576,0.22105
-0.29083,0.93089,0.22105
-0.39322,0.89247,0.22105
-0.49068,0.84284,0.22105
-0.58196,0.7826,0.22105
-0.66592,0.71252,0.22105
-0.74151,0.63348,0.22105
-0.80778,0.54647,0.22105
-0.86388,0.45259,0.22105
-0.90913,0.35302,0.22105
-0.94294,0.24901,0.22105
-0.96489,0.14187,0.22105
-0.97471,0.032947,0.22105
-0.97227,-0.076392,0.22105
-0.9576,-0.18477,0.22105
-0.93089,-0.29083,0.22105
-0.89247,-0.39322,0.22105
-0.84284,-0.49068,0.22105
-0.7826,-0.58196,0.22105
-0.71252,-0.66592,0.22105
-0.63348,-0.74151,0.22105
-0.54647,-0.80778,0.22105
-0.45259,-0.86388,0.22105
-0.35302,-0.90913,0.22105
-0.24901,-0.94294,0.22105
-0.14187,-0.96489,0.22105
-0.032947,-0.97471,0.22105
0.076392,-0.97227,0.22105
0.18477,-0.9576,0.22105
0.29083,-0.93089,0.22105
0.39322,-0.89247,0.22105
0.49068,-0.84284,0.22105
0.58196,-0.7826,0.22105
0.66592,-0.71252,0.22105
0.74151,-0.63348,0.22105
0.80778,-0.54647,0.22105
0.86388,-0.45259,0.22105
0.90913,-0.35302,0.22105
0.97354,-0.19946,0.1115
0.98975,-0.089209,0.1115
0.99352,0.02217,0.1115
0.98479,0.13327,0.1115
0.96367,0.24269,0.1115
0.93044,0.34906,0.1115
0.88551,0.45105,0.1115
0.82944,0.54735,0.1115
0.76294,0.63678,0.1115
0.68685,0.7182,0.1115
0.60212,0.79059,0.1115
0.50981,0.85303,0.1115
0.4111,0.90475,0.1115
0.30721,0.94509,0.1115
0.19946,0.97354,0.1115
0.089209,0.98975,0.1115
-0.02217,0.99352,0.1115
-0.13327,0.98479,0.1115
-0.24269,0.96367,0.1115
-0.34906,0.93044,0.1115
-0.45105,0.88551,0.1115
-0.54735,0.82944,0.1115
-0.63678,0.76294,0.1115
-0.7182,0.68685,0.1115
-0.79059,0.60212,0.1115
-0.85303,0.50981,0.1115
-0.90475,0.4111,0.1115
-0.94509,0.30721,0.1115
-0.97354,0.19946,0.1115
-0.98975,0.089209,0.1115
-0.99352,-0.02217,0.1115
-0.98479,-0.13327,0.1115
-0.96367,-0.24269,0.1115
-0.93044,-0.34906,0.1115
-0.88551,-0.45105,0.1115
-0.82944,-0.54735,0.1115
-0.76294,-0.63678,0.1115
-0.68685,-0.7182,0.1115
-0.60212,-0.79059,0.1115
-0.50981,-0.85303,0.1115
-0.4111,-0.90475,0.1115
-0.30721,-0.94509,0.1115
-0.19946,-0.97354,0.1115
-0.089209,-0.98975,0.1115
0.02217,-0.99352,0.1115
0.13327,-0.98479,0.1115
0.24269,-0.96367,0.1115
0.34906,-0.93044,0.1115
0.45105,-0.88551,0.1115
0.54735,-0.82944,0.1115
0.63678,-0.76294,0.1115
0.7182,-0.68685,0.1115
0.79059,-0.60212,0.1115
0.85303,-0.50981,0.1115
0.90475,-0.4111,0.1115
0.94509,-0.30721,0.1115
0.97926,-0.20261,6.1232e-17
0.99542,-0.095547,6.1232e-17
0.99992,0.012638,6.1232e-17
0.99269,0.12067,6.1232e-17
0.97383,0.2273,6.1232e-17
0.94354,0.33125,6.1232e-17
0.9022,0.43133,6.1232e-17
0.85027,0.52634,6.1232e-17
0.78838,0.61519,6.1232e-17
0.71725,0.69682,6.1232e-17
0.6377,0.77028,6.1232e-17
0.55068,0.83472,6.1232e-17
0.45721,0.88936,6.1232e-17
0.35837,0.93358,6.1232e-17
0.25533,0.96685,6.1232e-17
0.1493,0.98879,6.1232e-17
0.041515,0.99914,6.1232e-17
-0.066754,0.99777,6.1232e-17
-0.17424,0.9847,6.1232e-17
-0.27968,0.96009,6.1232e-17
-0.38185,0.92422,6.1232e-17
-0.47954,0.87752,6.1232e-17
-0.5716,0.82053,6.1232e-17
-0.65697,0.75392,6.1232e-17
-0.73463,0.67847,6.1232e-17
-0.80368,0.59507,6.1232e-17
-0.8633,0.50468,6.1232e-17
-0.91281,0.40839,6.1232e-17
-0.95161,0.3073,6.1232e-17
-0.97926,0.20261,6.1232e-17
-0.99542,0.095547,6.1232e-17
-0.99992,-0.012638,6.1232e-17
-0.99269,-0.12067,6.1232e-17
-0.97383,-0.2273,6.1232e-17
-0.94354,-0.33125,6.1232e-17
-0.9022,-0.43133,6.1232e-17
-0.85027,-0.52634,6.1232e-17
-0.78838,-0.61519,6.1232e-17
-0.71725,-0.69682,6.1232e-17
-0.6377,-0.77028,6.1232e-17
-0.55068,-0.83472,6.1232e-17
-0.45721,-0.88936,6.1232e-17
-0.35837,-0.93358,6.1232e-17
-0.25533,-0.96685,6.1232e-17
-0.1493,-0.98879,6.1232e-17
-0.041515,-0.99914,6.1232e-17
0.066754,-0.99777,6.1232e-17
0.17424,-0.9847,6.1232e-17
0.27968,-0.96009,6.1232e-17
0.38185,-0.92422,6.1232e-17
0.47954,-0.87752,6.1232e-17
0.5716,-0.82053,6.1232e-17
0.65697,-0.75392,6.1232e-17
0.73463,-0.67847,6.1232e-17
0.80368,-0.59507,6.1232e-17
0.8633,-0.50468,6.1232e-17
0.91281,-0.40839,6.1232e-17
0.95161,-0.3073,6.1232e-17
0.97431,-0.1957,-0.1115
0.99009,-0.085379,-0.1115
0.99342,0.026013,-0.1115
0.98427,0.13708,-0.1115
0.96273,0.24642,-0.1115
0.92908,0.35266,-0.1115
0.88376,0.45447,-0.1115
0.82732,0.55056,-0.1115
0.76047,0.63973,-0.1115
0.68406,0.72085,-0.1115
0.59905,0.79291,-0.1115
0.50651,0.855,-0.1115
0.40759,0.90633,-0.1115
0.30355,0.94627,-0.1115
0.1957,0.97431,-0.1115
0.085379,0.99009,-0.1115
-0.026013,0.99342,-0.1115
-0.13708,0.98427,-0.1115
-0.24642,0.96273,-0.1115
-0.35266,0.92908,-0.1115
-0.45447,0.88376,-0.1115
-0.55056,0.82732,-0.1115
-0.63973,0.76047,-0.1115
-0.72085,0.68406,-0.1115
-0.79291,0.59905,-0.1115
-0.855,0.50651,-0.1115
-0.90633,0.40759,-0.1115
-0.94627,0.30355,-0.1115
-0.97431,0.1957,-0.1115
-0.99009,0.085379,-0.1115
-0.99342,-0.026013,-0.1115
-0.98427,-0.13708,-0.1115
-0.96273,-0.24642,-0.1115
-0.92908,-0.35266,-0.1115
-0.88376,-0.45447,-0.1115
-0.82732,-0.55056,-0.1115
-0.76047,-0.63973,-0.1115
-0.68406,-0.72085,-0.1115
-0.59905,-0.79291,-0.1115
-0.50651,-0.855,-0.1115
-0.40759,-0.90633,-0.1115
-0.30355,-0.94627,-0.1115
-0.1957,-0.97431,-0.1115
-0.085379,-0.99009,-0.1115
0.026013,-0.99342,-0.1115
0.13708,-0.98427,-0.1115
0.24642,-0.96273,-0.1115
0.35266,-0.92908,-0.1115
0.45447,-0.88376,-0.1115
0.55056,-0.82732,-0.1115
0.63973,-0.76047,-0.1115
0.72085,-0.68406,-0.1115
0.79291,-0.59905,-0.1115
0.855,-0.50651,-0.1115
0.90633,-0.40759,-0.1115
0.94627,-0.30355,-0.1115
0.96543,-0.13814,-0.22105
0.97483,-0.029176,-0.22105
0.97196,0.080153,-0.22105
0.95688,0.18847,-0.22105
0.92976,0.29443,-0.22105
0.89095,0.39667,-0.22105
0.84093,0.49393,-0.22105
0.78034,0.58498,-0.22105
0.70994,0.66868,-0.22105
0.6306,0.74396,-0.22105
0.54334,0.80989,-0.22105
0.44925,0.86563,-0.22105
0.3495,0.91049,-0.22105
0.24536,0.94389,-0.22105
0.13814,0.96543,-0.22105
0.029176,0.97483,-0.22105
-0.080153,0.97196,-0.22105
-0.18847,0.95688,-0.22105
-0.29443,0.92976,-0.22105
-0.39667,0.89095,-0.22105
-0.49393,0.84093,-0.22105
-0.58498,0.78034,-0.22105
-0.66868,0.70994,-0.22105
-0.74396,0.6306,-0.22105
-0.80989,0.54334,-0.22105
-0.86563,0.44925,-0.22105
-0.91049,0.3495,-0.22105
-0.94389,0.24536,-0.22105
-0.96543,0.13814,-0.22105
-0.97483,0.029176,-0.22105
-0.97196,-0.080153,-0.22105
-0.95688,-0.18847,-0.22105
-0.92976,-0.29443,-0.22105
-0.89095,-0.39667,-0.22105
-0.84093,-0.49393,-0.22105
-0.78034,-0.58498,-0.22105
-0.70994,-0.66868,-0.22105
-0.6306,-0.74396,-0.22105
-0.54334,-0.80989,-0.22105
-0.44925,-0.86563,-0.22105
-0.3495,-0.91049,-0.22105
-0.24536,-0.94389,-0.22105
-0.13814,-0.96543,-0.22105
-0.029176,-0.97483,-0.22105
0.080153,-0.97196,-0.22105
0.18847,-0.95688,-0.22105
0.29443,-0.92976,-0.22105
0.39667,-0.89095,-0.22105
0.49393,-0.84093,-0.22105
0.58498,-0.78034,-0.22105
0.66868,-0.70994,-0.22105
0.74396,-0.6306,-0.22105
0.80989,-0.54334,-0.22105
0.86563,-0.44925,-0.22105
0.91049,-0.3495,-0.22105
0.94389,-0.24536,-0.22105
0.93575,-0.12794,-0.32864
0.94428,-0.018446,-0.32864
0.94003,0.091303,-0.32864
0.92308,0.19982,-0.32864
0.89364,0.30563,-0.32864
0.85211,0.40731,-0.32864
0.79907,0.50348,-0.32864
0.73521,0.59284,-0.32864
0.66142,0.67418,-0.32864
0.57868,0.74641,-0.32864
0.48811,0.80854,-0.32864
0.39095,0.85974,-0.32864
0.28849,0.89932,-0.32864
0.18214,0.92673,-0.32864
0.073319,0.94161,-0.32864
-0.03649,0.94375,-0.32864
-0.14581,0.93313,-0.32864
-0.25315,0.9099,-0.32864
-0.35707,0.87436,-0.32864
-0.45616,0.82699,-0.32864
-0.54909,0.76844,-0.32864
-0.63458,0.6995,-0.32864
-0.7115,0.6211,-0.32864
-0.7788,0.5343,-0.32864
-0.83556,0.44027,-0.32864
-0.88102,0.34029,-0.32864
-0.91457,0.23571,-0.32864
-0.93575,0.12794,-0.32864
-0.94428,0.018446,-0.32864
-0.94003,-0.091303,-0.32864
-0.92308,-0.19982,-0.32864
-0.89364,-0.30563,-0.32864
-0.85211,-0.40731,-0.32864
-0.79907,-0.50348,-0.32864
-0.73521,-0.59284,-0.32864
-0.66142,-0.67418,-0.32864
-0.57868,-0.74641,-0.32864
-0.48811,-0.80854,-0.32864
-0.39095,-0.85974,-0.32864
-0.28849,-0.89932,-0.32864
-0.18214,-0.92673,-0.32864
-0.073319,-0.94161,-0.32864
0.03649,-0.94375,-0.32864
0.14581,-0.93313,-0.32864
0.25315,-0.9099,-0.32864
0.35707,-0.87436,-0.32864
0.45616,-0.82699,-0.32864
0.54909,-0.76844,-0.32864
0.63458,-0.6995,-0.32864
0.7115,-0.6211,-0.32864
0.7788,-0.5343,-0.32864
0.83556,-0.44027,-0.32864
0.88102,-0.34029,-0.32864
0.91457,-0.23571,-0.32864
0.8942,-0.11615,-0.43233
0.90169,-0.0075234,-0.43233
0.89602,0.10122,-0.43233
0.87728,0.20848,-0.43233
0.84576,0.31271,-0.43233
0.8019,0.41237,-0.43233
0.74635,0.50602,-0.43233
0.67991,0.5923,-0.43233
0.60356,0.66993,-0.43233
0.51841,0.7378,-0.43233
0.4257,0.79491,-0.43233
0.32678,0.84042,-0.43233
0.22309,0.87368,-0.43233
0.11615,0.8942,-0.43233
0.0075234,0.90169,-0.43233
-0.10122,0.89602,-0.43233
-0.20848,0.87728,-0.43233
-0.31271,0.84576,-0.43233
-0.41237,0.8019,-0.43233
-0.50602,0.74635,-0.43233
-0.5923,0.67991,-0.43233
-0.66993,0.60356,-0.43233
-0.7378,0.51841,-0.43233
-0.79491,0.4257,-0.43233
-0.84042,0.32678,-0.43233
-0.87368,0.22309,-0.43233
-0.8942,0.11615,-0.43233
-0.90169,0.0075234,-0.43233
-0.89602,-0.10122,-0.43233
-0.87728,-0.20848,-0.43233
-0.84576,-0.31271,-0.43233
-0.8019,-0.41237,-0.43233
-0.74635,-0.50602,-0.43233
-0.67991,-0.5923,-0.43233
-0.60356,-0.66993,-0.43233
-0.51841,-0.7378,-0.43233
-0.4257,-0.79491,-0.43233
-0.32678,-0.84042,-0.43233
-0.22309,-0.87368,-0.43233
-0.11615,-0.8942,-0.43233
-0.0075234,-0.90169,-0.43233
0.10122,-0.89602,-0.43233
0.20848,-0.87728,-0.43233
0.31271,-0.84576,-0.43233
0.41237,-0.8019,-0.43233
0.50602,-0.74635,-0.43233
0.5923,-0.67991,-0.43233
0.66993,-0.60356,-0.43233
0.7378,-0.51841,-0.43233
0.79491,-0.4257,-0.43233
0.84042,-0.32678,-0.43233
0.87368,-0.22309,-0.43233
0.84242,-0.096514,-0.53011
0.84781,0.01427,-0.53011
0.83869,0.12481,-0.53011
0.81523,0.23321,-0.53011
0.77781,0.33763,-0.53011
0.72709,0.43626,-0.53011
0.66393,0.52744,-0.53011
0.5894,0.60958,-0.53011
0.50479,0.6813,-0.53011
0.41155,0.74136,-0.53011
0.31126,0.78874,-0.53011
0.20565,0.82262,-0.53011
0.096514,0.84242,-0.53011
-0.01427,0.84781,-0.53011
-0.12481,0.83869,-0.53011
-0.23321,0.81523,-0.53011
-0.33763,0.77781,-0.53011
-0.43626,0.72709,-0.53011
-0.52744,0.66393,-0.53011
-0.60958,0.5894,-0.53011
-0.6813,0.50479,-0.53011
-0.74136,0.41155,-0.53011
-0.78874,0.31126,-0.53011
-0.82262,0.20565,-0.53011
-0.84242,0.096514,-0.53011
-0.84781,-0.01427,-0.53011
-0.83869,-0.12481,-0.53011
-0.81523,-0.23321,-0.53011
-0.77781,-0.33763,-0.53011
-0.72709,-0.43626,-0.53011
-0.66393,-0.52744,-0.53011
-0.5894,-0.60958,-0.53011
-0.50479,-0.6813,-0.53011
-0.41155,-0.74136,-0.53011
-0.31126,-0.78874,-0.53011
-0.20565,-0.82262,-0.53011
-0.096514,-0.84242,-0.53011
0.01427,-0.84781,-0.53011
0.12481,-0.83869,-0.53011
0.23321,-0.81523,-0.53011
0.33763,-0.77781,-0.53011
0.43626,-0.72709,-0.53011
0.52744,-0.66393,-0.53011
0.60958,-0.5894,-0.53011
0.6813,-0.50479,-0.53011
0.74136,-0.41155,-0.53011
0.78874,-0.31126,-0.53011
0.82262,-0.20565,-0.53011
0.77974,-0.079007,-0.62109
0.78315,0.030281,-0.62109
0.77131,0.13898,-0.62109
0.74447,0.24497,-0.62109
0.70313,0.3462,-0.62109
0.6481,0.44069,-0.62109
0.58046,0.5266,-0.62109
0.50153,0.60226,-0.62109
0.41283,0.66619,-0.62109
0.31609,0.71717,-0.62109
0.21321,0.75418,-0.62109
0.10617,0.77651,-0.62109
-0.0029308,0.78373,-0.62109
-0.11198,0.7757,-0.62109
-0.21884,0.75256,-0.62109
-0.32145,0.71478,-0.62109
-0.4178,0.66309,-0.62109
-0.50602,0.59849,-0.62109
-0.58439,0.52224,-0.62109
-0.65138,0.43583,-0.62109
-0.7057,0.34093,-0.62109
-0.74628,0.2394,-0.62109
-0.77233,0.13321,-0.62109
-0.78336,0.024423,-0.62109
-0.77913,-0.084837,-0.62109
-0.75974,-0.19245,-0.62109
-0.72556,-0.29631,-0.62109
-0.67727,-0.3944,-0.62109
-0.61578,-0.48482,-0.62109
-0.54232,-0.5658,-0.62109
-0.45829,-0.63577,-0.62109
-0.36535,-0.69337,-0.62109
-0.2653,-0.73747,-0.62109
-0.16008,-0.76721,-0.62109
-0.051747,-0.78203,-0.62109
0.057594,-0.78162,-0.62109
0.16581,-0.76599,-0.62109
0.27081,-0.73546,-0.62109
0.37053,-0.69062,-0.62109
0.46304,-0.63233,-0.62109
0.54653,-0.56173,-0.62109
0.61939,-0.4802,-0.62109
0.6802,-0.38933,-0.62109
0.72776,-0.29087,-0.62109
0.76116,-0.18676,-0.62109
0.70638,-0.060654,-0.70523
0.70736,0.047886,-0.70523
0.69176,0.1553,-0.70523
0.65995,0.25908,-0.70523
0.61267,0.35678,-0.70523
0.55102,0.44613,-0.70523
0.47646,0.52501,-0.70523
0.39074,0.59159,-0.70523
0.29585,0.6443,-0.70523
0.19403,0.68191,-0.70523
0.087666,0.70354,-0.70523
-0.020757,0.70868,-0.70523
-0.12869,0.6972,-0.70523
-0.23361,0.66939,-0.70523
-0.33306,0.62588,-0.70523
-0.42469,0.56771,-0.70523
-0.50638,0.49622,-0.70523
-0.57619,0.41311,-0.70523
-0.6325,0.32031,-0.70523
-0.67398,0.22001,-0.70523
-0.69967,0.11455,-0.70523
-0.70895,0.0064029,-0.70523
-0.70162,-0.10189,-0.70523
-0.67784,-0.2078,-0.70523
-0.63818,-0.30884,-0.70523
-0.58356,-0.40264,-0.70523
-0.51526,-0.487,-0.70523
-0.43488,-0.55994,-0.70523
-0.34431,-0.61976,-0.70523
-0.24566,-0.66506,-0.70523
-0.14126,-0.69477,-0.70523
-0.033553,-0.70819,-0.70523
0.074944,-0.70501,-0.70523
0.18169,-0.68531,-0.70523
0.28417,-0.64954,-0.70523
0.37999,-0.59855,-0.70523
0.4669,-0.53353,-0.70523
0.54288,-0.45601,-0.70523
0.60612,-0.36779,-0.70523
0.65516,-0.27096,-0.70523
0.68884,-0.16777,-0.70523
0.6254,-0.035809,-0.77948
0.62174,0.076436,-0.77948
0.5981,0.18622,-0.77948
0.55524,0.29003,-0.77948
0.49453,0.38451,-0.77948
0.41793,0.46663,-0.77948
0.32789,0.53376,-0.77948
0.22732,0.58373,-0.77948
0.11943,0.61493,-0.77948
0.0077143,0.62638,-0.77948
-0.10425,0.61769,-0.77948
-0.21287,0.58915,-0.77948
-0.31465,0.54167,-0.77948
-0.40631,0.47678,-0.77948
-0.48491,0.39657,-0.77948
-0.54793,0.30361,-0.77948
-0.59334,0.2009,-0.77948
-0.61967,0.091725,-0.77948
-0.62609,-0.020396,-0.77948
-0.61239,-0.13186,-0.77948
-0.579,-0.23909,-0.77948
-0.52701,-0.33863,-0.77948
-0.45807,-0.42729,-0.77948
-0.37442,-0.50222,-0.77948
-0.27873,-0.561,-0.77948
-0.17408,-0.60175,-0.77948
-0.063831,-0.62316,-0.77948
0.048465,-0.62455,-0.77948
0.1592,-0.60586,-0.77948
0.26482,-0.56769,-0.77948
0.36193,-0.51128,-0.77948
0.44741,-0.43844,-0.77948
0.51851,-0.35151,-0.77948
0.57294,-0.25328,-0.77948
0.60896,-0.1469,-0.77948
0.53589,-0.016691,-0.84412
0.52828,0.091526,-0.84412
0.49905,0.19599,-0.84412
0.44938,0.29244,-0.84412
0.38131,0.37691,-0.84412
0.29763,0.44595,-0.84412
0.20177,0.49674,-0.84412
0.097648,0.52719,-0.84412
-0.010473,0.53605,-0.84412
-0.11817,0.52297,-0.84412
-0.22102,0.48848,-0.84412
-0.31483,0.43399,-0.84412
-0.39574,0.36173,-0.84412
-0.46046,0.27466,-0.84412
-0.50632,0.17635,-0.84412
-0.53146,0.070821,-0.84412
-0.53483,-0.03761,-0.84412
-0.51631,-0.1445,-0.84412
-0.47666,-0.24548,-0.84412
-0.41749,-0.3364,-0.84412
-0.34122,-0.41356,-0.84412
-0.25099,-0.47378,-0.84412
-0.15048,-0.5146,-0.84412
-0.043812,-0.53436,-0.84412
0.064651,-0.53224,-0.84412
0.17047,-0.50833,-0.84412
0.2693,-0.46361,-0.84412
0.35712,-0.39991,-0.84412
0.43031,-0.31984,-0.84412
0.48588,-0.22667,-0.84412
0.52156,-0.12422,-0.84412
0.43814,0.0094486,-0.89886
0.42203,0.11811,-0.89886
0.37939,0.21936,-0.89886
0.31292,0.30682,-0.89886
0.22679,0.375,-0.89886
0.12641,0.41962,-0.89886
0.018081,0.43787,-0.89886
-0.091381,0.42861,-0.89886
-0.1951,0.39242,-0.89886
-0.28656,0.33157,-0.89886
-0.36002,0.24989,-0.89886
-0.41085,0.15251,-0.89886
-0.43587,0.045539,-0.89886
-0.4335,-0.064288,-0.89886
-0.40389,-0.17008,-0.89886
-0.34891,-0.26518,-0.89886
-0.272,-0.34362,-0.89886
-0.178,-0.40046,-0.89886
-0.072818,-0.43215,-0.89886
0.036941,-0.43668,-0.89886
0.14438,-0.41378,-0.89886
0.24275,-0.36487,-0.89886
0.32586,-0.29304,-0.89886
0.3885,-0.2028,-0.89886
0.42673,-0.099809,-0.89886
0.33404,0.036063,-0.94187
0.30424,0.14257,-0.94187
0.24146,0.23363,-0.94187
0.15251,0.29938,-0.94187
0.047044,0.33268,-0.94187
-0.063525,0.32993,-0.94187
-0.16721,0.29142,-0.94187
-0.25277,0.22134,-0.94187
-0.31095,0.12727,-0.94187
-0.33542,0.019411,-0.94187
-0.32355,-0.090553,-0.94187
-0.27662,-0.1907,-0.94187
-0.19971,-0.27019,-0.94187
-0.10116,-0.3204,-0.94187
0.0083547,-0.33588,-0.94187
0.11696,-0.31497,-0.94187
0.2129,-0.25993,-0.94187
0.28576,-0.17672,-0.94187
0.32766,-0.074355,-0.94187
0.22161,0.062021,-0.97316
0.1674,0.1579,-0.97316
0.074844,0.21761,-0.97316
-0.034857,0.22747,-0.97316
-0.13657,0.18521,-0.97316
-0.207,0.10053,-0.97316
-0.23001,-0.0071852,-0.97316
-0.20032,-0.11325,-0.97316
-0.12475,-0.19338,-0.97316
-0.020592,-0.2292,-0.97316
0.088281,-0.21252,-0.97316
0.17693,-0.14715,-0.97316
0.22505,-0.048069,-0.97316
0.089687,0.07893,-0.99284
-0.005791,0.11933,-0.99284
-0.096908,0.069875,-0.99284
-0.11505,-0.0322,-0.99284
-0.046559,-0.11003,-0.99284
0.056994,-0.105,-0.99284
0.11763,-0.020908,-0.99284
0,0,-1
